[13:41:18] Using gulpfile Y:\dev2014\workshop\gulpfile.js
[13:41:18] Starting 'get'...
A
getting  [ 'files', '1', 'pageOffset' ]
[13:41:19] Finished 'get' after 26 ms
[
 33503,
 33519,
 33833,
 33913,
 33960,
 33979,
 34194,
 34461,
 34607,
 34614,
 34741,
 34779,
 34889,
 35252,
 35271,
 35314,
 35537,
 36325,
 36399,
 36745,
 36779,
 36787,
 36823,
 36888,
 37102,
 37116,
 37344,
 37617,
 37629,
 37772,
 37916,
 37987,
 38082,
 38127,
 38185,
 38647,
 38739,
 38753,
 38921,
 38956,
 39023,
 39777,
 40137,
 40675,
 40993,
 41037,
 41055,
 41064,
 41071,
 41118,
 41508,
 41552,
 41640,
 41839,
 41937,
 41944,
 41953,
 41989,
 42008,
 42151,
 42239,
 42274,
 42341,
 42376,
 42401,
 42417,
 42914,
 42947,
 42992,
 42996,
 43127,
 43256,
 43425,
 43430,
 43464,
 43528,
 43562,
 43587,
 43656,
 43683,
 43763,
 44028,
 44400,
 44472,
 44494,
 44911,
 45101,
 45551,
 46091,
 46652,
 46678,
 46697,
 46750,
 46770,
 46789,
 46850,
 46869,
 46899,
 46921,
 46940,
 46945,
 46971,
 46996,
 47503,
 47620,
 47662,
 47673,
 47737,
 47746,
 47766,
 47944,
 47963,
 47979,
 48155,
 48169,
 48183,
 48365,
 48395,
 48587,
 48694,
 48922,
 49257,
 49440,
 49468,
 49485,
 49563,
 49597,
 49900,
 49907,
 49970,
 50329,
 50416,
 50452,
 50483,
 50743,
 50814,
 50907,
 51031,
 51247,
 51400,
 51506,
 51619,
 51774,
 51925,
 52036,
 52188,
 52559,
 52710,
 53071,
 53197,
 53503,
 53834,
 54556,
 55040,
 55120,
 55288,
 55368,
 55397,
 55413,
 55429,
 55447,
 55454,
 55867,
 55934,
 56026,
 56044,
 56088,
 56111,
 56135,
 56175,
 56213,
 56354,
 56474,
 56491,
 56516,
 56551,
 56722,
 56739,
 56783,
 56930,
 56937,
 56990,
 57039,
 57144,
 57231,
 57491,
 57527,
 57579,
 57946,
 58224,
 58397,
 58495,
 58767,
 58848,
 58961,
 58976,
 59053,
 59067,
 59129,
 59276,
 59683,
 59764,
 60057,
 60079,
 60118,
 60172,
 60272,
 60289,
 60468,
 60489,
 60537,
 60645,
 60719,
 60908,
 60945,
 60968,
 61181,
 61200,
 61334,
 61353,
 61573,
 61625,
 61670,
 61789,
 61986,
 62051,
 62426,
 62456,
 62577,
 62646,
 62693,
 62703,
 62717,
 62815,
 62832,
 62850,
 62902,
 62920,
 63047,
 63087,
 63125,
 63734,
 63745,
 63760,
 63808,
 63815,
 63834,
 64013,
 64042,
 64069,
 64148,
 64193,
 64474,
 64529,
 64557,
 64629,
 64764,
 64788,
 64818,
 64970,
 65003,
 65007,
 65027,
 65034,
 65057,
 65531,
 65560,
 65577,
 65629,
 65768,
 65875,
 66015,
 66024,
 66072,
 66182,
 66222,
 66301,
 66335,
 66355,
 66410,
 66638,
 66697,
 66721,
 66779,
 66883,
 67287,
 67446,
 67453,
 67490,
 67629,
 67682,
 67764,
 67974,
 68014,
 68035,
 68054,
 68092,
 68131,
 68171,
 68271,
 68307,
 68501,
 68550,
 68696,
 68829,
 68995,
 69163,
 69201,
 69654,
 69658,
 69691,
 69886,
 70109,
 70660,
 70679,
 70695,
 70714,
 70731,
 70996,
 71177,
 71204,
 71326,
 71329,
 71434,
 71557,
 71612,
 71635,
 71686,
 71689,
 71750,
 72030,
 72106,
 72283,
 72319,
 72377,
 72384,
 72388,
 72436,
 72660,
 72712,
 72933,
 72951,
 72976,
 72980,
 73108,
 73128,
 73147,
 73257,
 73410,
 73433,
 73452,
 73459,
 73495,
 73502,
 73788,
 73826,
 73868,
 73957,
 74334,
 74342,
 74397,
 74401,
 74440,
 74459,
 74505,
 74860,
 75040,
 75112,
 75198,
 75331,
 75390,
 75496,
 75573,
 75764,
 76130,
 76205,
 76271,
 76306,
 76449,
 76677,
 76760,
 76967,
 77048,
 77123,
 77238,
 77362,
 77518,
 77541,
 77758,
 77937,
 78395,
 78632,
 78698,
 78705,
 78915,
 79084,
 79164,
 79242,
 79326,
 79405,
 79534,
 79560,
 79577,
 79615,
 79641,
 79662,
 79702,
 79706,
 79734,
 79786,
 80110,
 80159,
 80352,
 80381,
 80388,
 80987,
 81221,
 81381,
 81458,
 81466,
 81487,
 81532,
 81568,
 81686,
 81699,
 81738,
 81757,
 81838,
 82094,
 82116,
 82147,
 82166,
 82229,
 82289,
 82318,
 82509,
 82533,
 82559,
 82590,
 82614,
 82650,
 82701,
 82718,
 82747,
 82926,
 83027,
 83062,
 83109,
 83217,
 83279,
 83302,
 83325,
 83332,
 83375,
 83415,
 83587,
 83624,
 83640,
 83648,
 83688,
 83742,
 83761,
 83797,
 83883,
 83935,
 83943,
 84039,
 84260,
 84396,
 84436,
 84539,
 84563,
 84668,
 84751,
 84772,
 84906,
 84940,
 85216,
 85353,
 85682,
 85734,
 85944,
 85961,
 85981,
 85999,
 86013,
 86415,
 86510,
 86550,
 86599,
 86606,
 86703,
 86758,
 86765,
 86790,
 86817,
 86833,
 87451,
 87485,
 87515,
 87574,
 87616,
 87645,
 87672,
 87814,
 87869,
 88086,
 88124,
 88144,
 88189,
 88217,
 88247,
 88306,
 88484,
 88506,
 88528,
 88572,
 88723,
 88730,
 88791,
 88909,
 88939,
 89062,
 89131,
 89316,
 89652,
 89681,
 89763,
 89878,
 90019,
 90123,
 90181,
 90201,
 90220,
 90283,
 90327,
 90346,
 90366,
 90374,
 90396,
 90425,
 90464,
 90471,
 90478,
 90539,
 90546,
 90727,
 90822,
 90856,
 90884,
 90891,
 90998,
 91096,
 91137,
 91240,
 91247,
 91267,
 91298,
 92313,
 92453,
 92473,
 92634,
 92637,
 92667,
 92751,
 92771,
 92778,
 92798,
 93009,
 93019,
 93050,
 93117,
 93256,
 93315,
 93334,
 93351,
 93387,
 93587,
 93734,
 93759,
 93803,
 93833,
 93883,
 93983,
 94322,
 94329,
 94469,
 94550,
 94660,
 94701,
 94781,
 94895,
 94989,
 95116,
 95214,
 95237,
 95254,
 95273,
 95303,
 95322,
 95375,
 95399,
 95444,
 95451,
 95459,
 95467,
 95550,
 95768,
 95855,
 95875,
 95882,
 95921,
 95989,
 96100,
 96234,
 96254,
 96279,
 96421,
 97023,
 97111,
 97139,
 97178,
 97221,
 97342,
 97594,
 97669,
 97737,
 97884,
 97955,
 98217,
 98246,
 98253,
 98257,
 98291,
 98479,
 98530,
 98747,
 98838,
 98845,
 98938,
 98957,
 99198,
 99224,
 99412,
 99448,
 99468,
 99639,
 99710,
 99717,
 99732,
 99741,
 99926,
 99946,
 100112,
 100119,
 100126,
 100136,
 100432,
 100454,
 100590,
 100622,
 100639,
 100656,
 100674,
 100770,
 100851,
 100956,
 101076,
 101111,
 101218,
 101246,
 101269,
 101471,
 101482,
 101492,
 101558,
 101749,
 101823,
 102299,
 102322,
 102342,
 102457,
 102583,
 102750,
 103026,
 103062,
 103120,
 103127,
 103135,
 103146,
 103153,
 103206,
 103211,
 103312,
 103412,
 103486,
 103652,
 103675,
 103701,
 103722,
 103747,
 103995,
 104081,
 104099,
 104133,
 104157,
 104166,
 104400,
 104423,
 104524,
 104557,
 104581,
 104585,
 104709,
 104747,
 104806,
 104939,
 105149,
 105171,
 105179,
 105378,
 105399,
 105481,
 105543,
 105551,
 105572,
 105817,
 105824,
 105847,
 105879,
 106003,
 106089,
 106121,
 106253,
 106357,
 106407,
 106430,
 106698,
 106719,
 106800,
 106807,
 106842,
 107013,
 107365,
 107379,
 107533,
 107615,
 107655,
 107766,
 108176,
 108258,
 108289,
 108318,
 108338,
 108357,
 108382,
 108459,
 108515,
 108522,
 108578,
 108597,
 108666,
 108688,
 108755,
 108762,
 108794,
 108840,
 108858,
 108893,
 109116,
 109135,
 109181,
 109208,
 109262,
 109287,
 109557,
 109596,
 109616,
 109743,
 109771,
 109797,
 109846,
 109869,
 109895,
 109903,
 110109,
 110119,
 110195,
 110203,
 110213,
 110250,
 110594,
 110615,
 110635,
 110673,
 110917,
 111095,
 111115,
 111167,
 111175,
 111224,
 111255,
 111273,
 111324
]
